[gd_scene format=3 uid="uid://clmrvi7bett7n"]

[node name="Node3D" type="Node3D"]

[node name="3+" type="CSGBox3D" parent="."]
transform = Transform3D(-0.000847972, -1, -0.000165555, -1, 0.000847926, 0.000288519, -0.000288378, 0.000165793, -1, 2.27041, 1.05665, 0.974923)
size = Vector3(2.1, 0.1, 0.1)

[node name="Label3D2" type="Label3D" parent="3+"]
transform = Transform3D(-0.999975, 0.00710338, -8.7457e-08, 0.00710347, 0.999975, -1.49885e-09, 8.73988e-08, -2.12458e-09, -1, -0.0305626, -0.123864, -2.68221e-06)
text = "2.1см"
font_size = 22

[node name="3+4" type="CSGBox3D" parent="."]
transform = Transform3D(-0.000847972, -1, -0.000165555, -1, 0.000847926, 0.000288519, -0.000288378, 0.000165793, -1, 0.274866, 1.50415, 0.977823)
size = Vector3(2.8, 0.1, 0.1)

[node name="Label3D" type="Label3D" parent="3+4"]
transform = Transform3D(-0.999988, 0.00479968, -8.7457e-08, 0.00479965, 0.999989, -1.70257e-09, 8.73988e-08, -2.15368e-09, -1, -0.0883864, 0.164064, 3.32594e-05)
text = "2.8см"
font_size = 22

[node name="3+5" type="CSGBox3D" parent="."]
transform = Transform3D(1, -0.000847928, -0.000165555, -0.000847882, -1, 0.000288519, -0.000165793, -0.000288378, -1, 1.27518, 0.0575404, 0.974799)
size = Vector3(2.1, 0.1, 0.1)

[node name="3+2" type="CSGBox3D" parent="."]
transform = Transform3D(-0.000847972, -1, -0.000165555, -1, 0.000847926, 0.000288519, -0.000288378, 0.000165793, -1, 2.26993, 1.05749, -1.92992)
size = Vector3(2.1, 0.1, 0.1)

[node name="3+6" type="CSGBox3D" parent="."]
transform = Transform3D(-0.000847972, -1, -0.000165555, -1, 0.000847926, 0.000288519, -0.000288378, 0.000165793, -1, 0.274385, 1.50499, -1.92702)
size = Vector3(2.8, 0.1, 0.1)

[node name="3+7" type="CSGBox3D" parent="."]
transform = Transform3D(1, -0.000847928, -0.000165555, -0.000847882, -1, 0.000288519, -0.000165793, -0.000288378, -1, 1.27469, 0.0583785, -1.93005)
size = Vector3(2.1, 0.1, 0.1)

[node name="3+8" type="CSGBox3D" parent="."]
transform = Transform3D(-0.000165511, -1, 0.000848015, 0.000288563, 0.00084797, 1, -1, 0.000165749, 0.000288422, 0.2734, 0.0607649, -0.480739)
size = Vector3(3, 0.1, 0.1)

[node name="3+9" type="CSGBox3D" parent="."]
transform = Transform3D(-0.000165511, -1, 0.000848015, 0.000288563, 0.00084797, 1, -1, 0.000165749, 0.000288422, 2.26961, 0.0590721, -0.48107)
size = Vector3(3, 0.1, 0.1)

[node name="3+3" type="CSGBox3D" parent="."]
transform = Transform3D(-0.935428, 0.353517, -0.000165555, 0.353517, 0.935428, 0.000288519, 0.000256855, 0.000211364, -1, 1.48923, 2.40823, -1.9295)
size = Vector3(2.65469, 0.1, 0.1)

[node name="Label3D" type="Label3D" parent="3+3"]
transform = Transform3D(-0.926896, 0.375319, -8.18039e-08, 0.375319, 0.926896, 3.08361e-08, 8.73971e-08, -2.12068e-09, -1, -1.13864, -0.218528, 0)
text = "30см"
font_size = 22

[node name="3+10" type="CSGBox3D" parent="."]
transform = Transform3D(-0.935428, 0.353517, -0.000165555, 0.353517, 0.935428, 0.000288519, 0.000256855, 0.000211364, -1, 1.48971, 2.40739, 0.970498)
size = Vector3(2.65469, 0.1, 0.1)

[node name="Label3D" type="Label3D" parent="3+10"]
transform = Transform3D(-0.934572, 0.355776, -8.24333e-08, 0.355776, 0.934572, 2.91118e-08, 8.73971e-08, -2.12068e-09, -1, -1.16934, -0.168393, 0)
text = "30см"
font_size = 22

[node name="Label3D2" type="Label3D" parent="3+10"]
transform = Transform3D(-0.999975, 0.00710338, -8.74099e-08, 0.00710347, 0.999975, -1.4998e-09, 8.73971e-08, -2.12068e-09, -1, -0.030549, -0.10783, 0)
text = "2.655см"
font_size = 22

[node name="3+11" type="CSGBox3D" parent="."]
transform = Transform3D(-0.00013627, -0.925699, 0.378261, 0.00106344, 0.37826, 0.925699, -0.999999, 0.000528396, 0.000932881, 2.72072, 2.05394, -0.480569)
size = Vector3(3, 0.1, 0.1)

[node name="3+12" type="CSGBox3D" parent="."]
transform = Transform3D(-0.000165495, -0.865601, 0.500734, 0.000288535, 0.500734, 0.865601, -1, 0.000287726, 0.00016689, 0.30748, 2.96594, -0.479906)
size = Vector3(3, 0.1, 0.1)

[node name="3+13" type="CSGBox3D" parent="."]
transform = Transform3D(-0.935428, 0.353517, -0.000165555, 0.353517, 0.935428, 0.000288519, 0.000256855, 0.000211364, -1, 1.48947, 2.40781, -0.483044)
size = Vector3(2.65469, 0.1, 0.1)

[node name="3+15" type="CSGBox3D" parent="."]
transform = Transform3D(-0.000165499, -0.94035, 0.340209, 0.000288546, 0.340209, 0.94035, -1, 0.000253786, 0.000215031, 1.47074, 2.51451, -0.480229)
size = Vector3(3, 0.1, 0.1)

[node name="3+14" type="CSGBox3D" parent="."]
transform = Transform3D(1, -0.000847928, -0.000165555, -0.000847882, -1, 0.000288519, -0.000165793, -0.000288378, -1, 1.27221, 2.03556, 0.97537)
size = Vector3(1.88418, 0.1, 0.1)

[node name="Label3D" type="Label3D" parent="3+14"]
transform = Transform3D(-0.997124, 0.0757793, -8.73064e-08, 0.0757793, 0.997125, 4.50832e-09, 8.73971e-08, -2.12068e-09, -1, 0.0268786, 0.15031, 0)
billboard = 1
text = "1.884см"
font_size = 22

[node name="3+16" type="CSGBox3D" parent="."]
transform = Transform3D(1, -0.000847928, -0.000165555, -0.000847882, -1, 0.000288519, -0.000165793, -0.000288378, -1, 1.27173, 2.03639, -1.92319)
size = Vector3(1.88418, 0.1, 0.1)

[node name="mangal" type="CSGBox3D" parent="."]
transform = Transform3D(-0.000847972, -1, -0.000165555, -1, 0.000847926, 0.000288519, -0.000288378, 0.000165793, -1, 0.415558, 0.265517, 2.39285)
size = Vector3(0.515478, 0.354425, 0.746631)

[node name="3+18" type="CSGBox3D" parent="."]
transform = Transform3D(1, -0.000847928, -0.000165555, -0.000847882, -1, 0.000288519, -0.000165793, -0.000288378, -1, 1.2704, 0.46936, -1.92834)
size = Vector3(1.88418, 0.1, 0.1)

[node name="lavka" type="CSGBox3D" parent="3+18"]
transform = Transform3D(1, 0, 0, 0, 1, 0, 0, 0, 1, 0.00422418, 0, -0.219739)
size = Vector3(2.0814, 0.1, 0.348828)

[node name="spinka" type="CSGBox3D" parent="3+18"]
transform = Transform3D(-0.999997, -0.00132064, -0.00267059, 0.0029154, -0.249127, -0.968462, 0.000613671, -0.96847, 0.24913, -0.00569808, -0.221377, 0.0397356)
size = Vector3(1.88552, 0.1, 0.348828)

[node name="3+19" type="CSGBox3D" parent="."]
transform = Transform3D(1, 0.000848103, 0.000165555, -0.000848057, 1, -0.000288432, -0.000165793, 0.000288291, 1, 1.27087, 0.468528, 0.954972)
size = Vector3(1.88418, 0.1, 0.1)

[node name="lavka" type="CSGBox3D" parent="3+19"]
transform = Transform3D(1, 0, 0, 0, 1, 0, 0, 0, 1, 0.00422418, 0, -0.219739)
size = Vector3(2.0814, 0.1, 0.348828)

[node name="spinka" type="CSGBox3D" parent="3+19"]
transform = Transform3D(0.999999, 0.00089857, 0.00102819, 0.00121928, -0.248571, -0.968613, -0.000614777, 0.968613, -0.248571, -0.00529516, 0.21946, 0.0397435)
size = Vector3(1.88552, 0.1, 0.348828)

[node name="3+17" type="CSGBox3D" parent="."]
transform = Transform3D(-0.000165511, -1, 0.000848015, 0.000288563, 0.00084797, 1, -1, 0.000165749, 0.000288422, 0.275077, 2.03646, -0.475408)
size = Vector3(2.80542, 0.1, 0.1)

[node name="Label3D" type="Label3D" parent="3+17"]
transform = Transform3D(0.999832, -0.0183249, 8.92499e-10, -0.000784304, -0.0427927, -0.999084, 0.0183082, 0.998917, -0.0427999, -0.0266892, -2.49633, -0.188056)
text = "2.805см"
font_size = 22

[node name="mangal2" type="CSGBox3D" parent="."]
transform = Transform3D(-0.000847972, -1, -0.000165555, -1, 0.000847926, 0.000288519, -0.000288378, 0.000165793, -1, -0.219414, 1.59883, -1.2777)
size = Vector3(3.17892, 0.354425, 9.20267)
